001700509573024106800501002700295018009400305652800007465080071000159004908007053
029650178705180600100900500257800309600219005900007046573400021800020453010395000
008203500009670408346050702430010059967005001000496203280034067703500904004107020
800005216045862007670009500769204030020001765001670009004096800907400601306107940
700020548052008000430957106900061700041030695307509001083075469200080350074306000
705002030230100056090536720406081205809004000300095648040053180523000069001429003
740680900060100080012054736307800120008401570490720060209500040500069308106047205
460020905920145680005300004008964302200500800356200490090070003630850710017609208
437205610082060050000301028091807000703950186040006207200798045004003072379002060
002905047507023006036010950610204008005800004048590213200300701870002039069147020
920870605084036079006001008510709020300012087402300960007253100005048702231000804
062100950908035006040029170250000084400502600890463205020357000070006502685004731
001700905305098024690015007908350012400900536032046000089003040203801650050029073
203070016100026704706480030001800490094710062320094080600003005902157048405060903
486051230002070004005840109000568090904000700368094512009130028003085970817600040
902500607003840090014760302601005000000100264237684509306420900000006023429071806
571390240300850009080010035043205001260041750005600820004123500152008096007009410
806047003901083547300900600680090300012376084009800706290760031003502060108400270
508900216090168045406200000360500801829017530000039600705486120040050360680001007
056120400100030906308760105700000000084371692061095078870903204000607800613040709
396050200000369547054001030003600800605003024402895016047030108209108053001570090
204601780100020946806504000307150004460080270010406308639208510000005460540063009
100900300900002001328741659080103004509204800740009216070000003030826075295017068
370069120009415006051000089280100037003257064046900050008301502032604018190080003
903760012760185930010000060600050301035041090401076025209503086150098273008007000
625038970009200005040095302987020030150067009000019587498601053000083640016002090
000048007475030082320709106504820670060170050780060210907012068100380005850090320
080640019120007060096105804001960072067080051230701040910478230072009480300006007
802504600001083975503700800109070000040860291280901507600430059004650320935020060
007008009020056401615970038401792850502001000900005142094580006050023010206040785
601700080048650310007804506400970003739200004020503798562007900910026075000105042
040017809067320040509080320658004913072103408000890000085040632324650790000730000
840605100700002405302049806030407008960081043401006907693504001504010009000903254
030065180120800070850201904090730018201048703308900060709054000003109807510600349
005600401030082005794501260003004002479208350500760904216009540008340020040120680
094086200080400950320019480050600300940201008078930125402760891000092004869003070
003840620294500078005072400907610582801205060006007001009008356752364009008050007
300406050261370409400009206980050071046813092030700600029001004013047820500260013
060807210041300070028604905200701069814903050600002301082070600056098027007230508
203000014076930008004182036849301672030000500500297800008005020407809365025740009
056090800910805702030607590000002106460951287127008000089126473001009000670040910
745013200010004653600085010038067945176549002000000060900008320400321090352090108
007405080532690074080700905020806003053204697704003800001347560640100030370500240
840060300003287604260004180010032040504000201702149063908013070006008915420790030
809050713070098200203401800150046382304005001008130090902860040405700130006510920
648001093100030004007426508280003105504100020001245069820007430490012086010860002
500030008290108600108607935012780050030510092704002860309201006021805340080900017
807501324042907000005400079063080795074093108080056000050009003408600957901375006
700009104401735060860400507006827009308004071072003046204000700680570490500248610
143902570709045031000030004972300140036401009000079860065700300301620957200510400
876320045001004700004180690593000021600913074007058030005001308008670409469805200
070925010009000608243108057401007530380019004090340086107804300064200795900706001
061097050294651807000000901700980002030570019952100083100206495320040006609015020
100405903065013208093008010309001602047609080006380470601897000070030196950100830
089603004400019760026007930000000052964325001570061403058100249200548000601002087
951078040203019500000400129087300602020745900509020470695082700030060091100930860
010000540802461000074530128780602419096043075100007000400985260061704003908000054
002701050071500386405069700029130807003070200016208093264807105300012079100600020
702543009890070130600800470070280903049107620081006007060008200108765394450900006
328406900600500803900230460580020041040015600093047502250984076800062150407000200
000010302617530890380460001700620105153047206006100007200094700931206050004050629
501048792409670058700200000940852060012007845050100009130526907205009031008003500
600801970300900800879603504210570000096000247003296108900010406102069705065082090
260501300700820561305006008401369800053470100800000643174600900900157284002004006
795681040000400519410003080800010075956048020070905860260104708589007001000830250
002800510685107003700904068100675930020090006936040870370080004009030781860712050
053600078000250309291730005630591704070020003014300906060072430307065800108003067
030080029460203700780096014508004031907051802600028040071800406390760085006049003
007450029035090071940071008000080903790304105813065007300240706479530002200010304
009010580016298307048006001620047150005103624401005000007032465360079010850001900
706008100020304568850609200200756041087200030601090052908400000475132980000080417
795400180600190002100705093426010350807209014000046020070904261560000047209671000
068200010300978504704001890491026008000105009805003621007039240520800006603502907
054029708602070103003018200368295071020000680700046030240003500530902847007051300
296075380001390006300060029900706005578920004060050297010089070800047162725030008
062840507009076021740010060093067080607205004400090276086104052300700608570620040
762150930000076041140030600680510320020003780530207060206405003003021096409008072
005063489180020500940078020000890030850201604319004072034985010020700943601040008
023090006940605701006403890280000300601034289030582100300207010175049603090006504
098530602200090830306820090002763950560008703103900008001070006804350009037180524
000360000075190846269040037601020074930510020400036950800050019003670002794201063
508001400604830095900470610761503084000047050420600103047006829380209040200084001
540703002130040096800109703081925304900300000750004921006001000078092160210076439
890740150701020486060130000019083742207509600006004900903007021028300074100852009
760409050900300267130072004074003618003200009509761002800120030021007896057806020
480007500002040600059168742060013408520004007140780026805900260200850070670402095
410020750003076400580091206870015004091600825600209003009708500104900680058160092
239000405000950007607314209071006502063085074004091600002500840385140926100820000
900567000106000027705420968024300870801790005300804016600109082470030691210048000
801060003005047100930058462008570041560910000014006935079080300000001289382495006
720040506506710800100502704457020001009105400060409375034600050900807643075230090
720403580809526107300000060062070943007064800085901600510042700000109008294007351
070405060906700104504096028090207840850300007047680510280903071700041030403500980
300600089065003002490185370759006800120007960000891720904532617501008003006009400
928406010000300007074012869500248600060000370419607205705123040203004158600005700
094100600350240910006095204740823560000010420521004700400609002905302840670001095
020370049803649050409000807506080003302406780700590402054800316230964008007030900
040063907730002060601740250010079025563201400009050301080000706050836002126407530
607094235409008006300607040570902300002016007061050482108009620043200810090841050
108026040046030109007910026780000005010657902960380407300200060029070058870563201
100054206570026003820100504010080007659007830040532061480765020907008600005090748
070280900340590760206040810480063000900175486650000370004800000819632540030004698
804103627630080000010704390089607150170508200400001076060805412040302060521090700
013082057000001034724506800805304900001050040402710385000807163130605009647090500
360000080420805906090612530809047000604008713070056490102703859506920007900004100
084005370760904210050013400075090040026008507001576092390450680600230004047800023
900680050046290017280050609025060073470320500001075402102030006300046920704902085
800000124206403000041852360004600073380097006069130280002576831630040050510008600
060380097708006300930540680087453019005009870190700400009070038806032050370805920
702508640480062750100400200003805074804006005590047830208309067950084012040600090
007504209529010300030809570050187493708000050910405007170043080004078105860900034
007600032160980050059047601500021000091504708803060514908306205005400070740052890
060005340520904010409130025004080050712590408900403702040270500805641003206000174
356970081000600034802501700508420106100060450604150800001897045485006072003040600
020005073075408069049307500906034807280006940400089030090502086002860700864900210
560190800080200650410805290630050000070023906920608315006089124800312060291000030
002365001630040850054010036400070080067904310905102074009708063176490520008001007
007068104614350890030009060100705603385002400700031950020803006400010080876024319
002900070970103245104270800020091004781400030003058126350010062819602007000037910
001050723074900800083721040069003200400879316038600900806295107907300560002100090
500400090100836052872090340600205934058009620903760000009657810060100000781020465
260540038840200001007803064604009507700460003015087420000618070301700040576900812
400702365002350400135060070268093540903420618000080000006930050500040032314205806
542736890000001607106002050090345700805100400730600512907860045010079080608004970
060280005125906780080070620074012569690540070050090040036824917740050000900003402
690005041010907368730401000045702009071800402060094507009608073380270054107040006
006209045800030607275840900000903200943760581520004006750610439300420000408300702
070139042904702180120000050049318070250007360300060019090070536716003004005896700
480603512039500600002018300000056403603900750754032006006005130340209800870301209
570609008200830945809005300930200781010098502720503000106002403007086100402301807
450000007090457120106029504980002300600348059230500608503900712709004800001275400
906501023007240985850300000091728364364010002000004500703002006620457138005800007
900082700607395104805000029002900310306240007091850240009008432473120005008034001
750614308604270095002000600075002084040783006068040703500031009106500430403026501
002306740704005908305907020021800003670054891500630002156793204009010007200008510
038160009950070360040302705071200090800016007065980134329700058000029010504608902
087261945046950030050000002065704001000590300493010857030105089029806003170300026
062403817010006003038710002040960270087030500106074089800201700050007904274650130
037028041018705060005300908040170020280540697750006100504007312170900400002431700
310067004607015038800090170908002605001906082240058090023680501009001300160074820
501279300003040210270003504004130970300052061915004003409580702052300048008407600
905304010807001405600590032080020604540038009790105028051970203208450060060002540
108059020090000508403862109324070980010480030080093701901608050800501496045007003
003052079597410308600007040080040205900205810256081030005720104072064000409008762
006790004001400076794102580015007040309240065007580130003600400902874350408300607
071450009630978012080000560062703105508609023700001006850067930320004600100035074
030629007978041520100000930050007302702100008089264075010402080890506241047008050
390017804007302600204008310046289100000170508871000042002701480409020000710490236
608270301207039050010060902706021890154900020000703510300600000401058269805092037
207300086680127309300080007071006940500902801902018005709803064063409508400060700
004700950760082140580340006276801405100254090040000021892007560600408319010905000
030247900540063700607000342000701204728400030304602507250804670479320050000070403
801640039004037012507009008046500900270900004900483627400050103003204806789310005
200108403803005100109430508000827634764000090082940010030280001590013246420060300
600005827080320004245760900700480069401009378039017000590130700008002416024076500
400008035650731040830200097206954013000002800714060052960427080007580026508000079
100006008923587406700001503416000035070138060030650201001905380087060150205810040
053609001019700340400031509500198600061300804308060107075210408680503910030900700
070402601506001207801506030610243500000000013354809760060900100490020076032657809
045370190006510380019200005600400019021705040504091078002804050090057820158900037
003207450200086030649010702406020971708139064500070000300061295002003000865902017
100560009726090584500082001001057832672001000030049017008000073450028190309476200
040712009092604718016000005904007851067140000100803074653401082080030047070920030
410302560620900700300506209082407150704005900050093407001000300593824671007601800
400082710268000390500943600806409000900810457074005809001530972040701580795008000
930047608000180095861030200092014586010000400046928030000062700120400863653801900
000716009971052308052000047300507006069000470580649230090200814046080000025174690
050983670403007500780005012805004236000832790327006000208350067904001050500708021
634020090021659408000300670310294850902805060500000049065012703070030004093087520
000501094941083005705600031420107069037905000009008713803702040074016908500009027
408003179300761480071090000205907308010600007037420091703142006904500800006009724
036200589405068007080035001054017026002000073709342100078059310520680700001003860
106409007050001948809750100080107023764030090030045806593078614600004200002390700
700048030043019726901070005450021300180063254030400008000735001370000502514092803
570369000030008746610200093900470058407105002103080074000006010742901680061750230
007506090058107002012300765526743010000060057083010620041070580205030900800451203
020130980639800010005490320462058091903204060000060034018700602597620040000083079
605720041080003002370049805500830729219507000800200150108002090054986010900005687
159480672000029040028060030090010400071054083530802160340091728000037510217040000
407512896501800200008600001020085400306401059054090102803004027000007308672138005
304712698008500240201004000780901050465008002000420867037200009006890104809150306
354096781000080400097043002009800104700064050423705806902658300000300045635070920
708026091240087050009001082970800504104502073300740008806005107407108035003604009
201580390603109040005070206419650780030010460060092003890001000300948620104005938
060008143780010200032495060040009806023501070890607502000172300379800621018060007
524030160008051029010204008970185046400900015065007800001460000890013250047500681
490208350306097140100004700040050072970802510052401060000106480564080200208340097
950030200400002009203946518065310020034297085700000401080160700607029103501400802
000030128085901003314820900020403000009002634843059017500278009600005370472090580
902061030007350204043200180736040028400705061200083007004070803065812479079004000
791245003040006002600700495302150704907408530050003800470500318036014250010037000
095007003400018720780409015270043950014096300009700106900002067650980001028670094
609070080180092304300850960500083409908420735740500000250900607090200050430165098
600700250300615400759002086836070001901350800000081637298000300100029008500863912
007592016982706430006000900520067140609024300040300072308970000095040780060201593
150980006006012037023060801805200703302870049010059002008000190549127360001490005
013587649080100370047003000006051407005070903471038006090700068168045700002860104
002768009009000052743250061601020080308500204090813506405001028006085497087602000
640100907007860300590340260005001030960530170401076028019080700050290016206705490
090200008305801090082509631020006850600958103518007900050004206140790005037605410
031025060008103259026700040400901700019570482850200006190640570080010600670059120
700893060302056097950000380230701040670048513010005700807004930024300001090672408
002003010903206078706940203061730504095068730030005006050327041079000820120089060
409015627702069080006800001070980432800274005294000800041500700500008310608791204
926780305000096072038010400409030021080901003603057908870020030004870059092460180
948631502000080004501007309609023105430510068100800003810006050790052806200308091
570000102203510080400932057320800500017403009040061873092306410150004300030120098
000700431230050000147398206051080020460530017300407069094001003073045092010063740
054200918000084005281530004035892046000300091968040020003070060020613089416008350
407650890006009700290810460070230104104970020602100970820004630503701009040360580
024630907001902460908040010040300000100008702385217649059000106073169500002570390
075032080308065720004700130040890061100207803839050004603508040081006350007024018
703490218860050000040027560010082036396010050200035109124000690670509321000261000
153900460000206070620405803010608700564000380008143250000572600275060908430090520
270050009600947023190800570780030912940008035002195000009706000810020346026013790
940216370700000000650037482076102048190065030020400096019628000000300610563040829
560020000002705168701830042453001700079302085000057930905003010000610054614570093
004600090070820503856703120467510302002400000009072645005938406748260901003000200
504000672026470019070628000060050290745206108200830700198560027407080050000047081
700095000521830697008007401302086910064009028800041006209063105603000049005918200
007539021024600309093040080300276094049001008071004605012065043000028510785400002
008100504095674010041050706407006080006742351520900060109063825030010600052807003
506900000040165970907040635190006040080794021704010860203070100001450096409620083
487630521003507400050400003006283057509000006708906204090062700260070108075094360
050092360080460070296080014004609700019003400503720189608500007905276800070008635
905800462600072100201094080027400093004928005059007820002789350090100078783050001
080027000703000691046319280402950836390400012060032000200180369904570020610003004
230176080708900010010008375020680009860709030093002768071024096409360820600090040
401009762900001003380576001014605300806000190090318620000900200620157439549060007
062407000074900865009830204708109540100270908205004010007600300421090087050718420
714092508302051600000008104600004780845260300100309065450900010900105843201806900
000907042479008150038051060102043980307800001005062370000516030850009410621004097
092610708403500009800209650908170542700428003604000080306001000100340876207805390
700650008095480763046010009478900526050208000001064807064703001307005642002140005
095008021700029500801703940509304100000010807218605490040207600682001009050036214
900052007817306052020400906078604591005789000306000048482960375000203060039500010
200510034341872056900000020092700400604390002010250689159000300000965041406107095
058400301007010004410975820175046930090007005030501702040028009701600003520034687
001020839003610000749803012390176045005008706470090300002931407034705020107000063
020500007190270506706180402305791604001600070072030015400010009017904368530802040
000408106154200387809071000620003005590704008003082619006020051982135060010040023
950001008021890600300042159240078001109320065800100072490010580682900004000483096
580610740309570806007030200038200609426795008000060470690004027054027061200950080
001060052780035900025091403008000045450012097302549600060300120510920870209107030
290680130001000800380914072120008465004275900908400700002859041840030057503700600
040970800028000590309581602830710900050803016061400780280300170010058009093047250
205600309068530040003902610400100030871003520090825074607009000184356792000700460
370241059019500600005090031697420005030609074004007068080300740063074180041860003
695100087000806190081290006013900502907041300050720910034670029200010605069480030
075184000008060901602030748450279180080000004701450209004807360800023010537040092
700400000028090307340275186000600008270809065684017093197308624050902800002001030
319008067000309085025170400603297518108000040500804070081063054057480023006002800
600348705048900620037600001074800500052067340100405078015083060200000007790216854
107008004005041032049026850000410503504007010791230068970080140050092080803670905
040980005703105004059040231306004100912050476000619003027401598030800007490507300
625001084100030029009426700000650270516270090302009506981507432704300068000940000
031280400008001025270560803050703060002856340396000580620078034003640172107020000
040097300603050490180630025060700943051480072407260000504901067908306014010500200
071020509053010400900536720000780006869054307035100042584601003000075190097002605
506940318041056020090003004080094006070638059963000840007002405604709083209405070
700520603009000401261934800917306204030090700080407350170205008004060530096780042
307600085082053400050024037806002040001370508503480016960035004010960050705100962
002900800504082193098013020100690008045000930906834015251068740007059060030020580
850164923190500000200008170578001290300679508009200030020003067084056310031702050
070438000208905047460000589500706030839002706006301820090600408652870190300059600
007400081058603940490078030301059704840730095005001300583012406020500803004087009
001483207392000041004210050400502076015096024023100500900000705207901068150647030
017304289000080504548069000002603890396070410700905020030726150865090070070500046
290073164015490000700060089040620015060040903587130020876904052000006090350702041
080006371076803050405012006061020037500678100207100098020304705310057060750060403
600407000710062534204080079009236018082000960106809003820041390035700046060390002
050740100043960058092080406376000000020693781080207064435826910060070800010009640
105480030893700004000390185580900013920073050070810609700109840409008570610540002
904010682180407000020089041749051008002008090005906274090063507057090036630502009
187605003260400700000027856800956300306700095950040078690070530013504080008209160
349500081710080506000791400608430910920810005001060037034200060100003059290158370
020690517608015903105040000037809400069100832001304600003470120710500300802031705
805140300107086504020005160604913702002000003013860409506438271078020900001600800
078900026602087001100360058013456970050000040420709015089005107040670009760103084
960008001400071092017620083704013806006090200025706309640002030008960024071380065
040100257079530610061280000136000070005063102400751960954020701003009006600315089
712000965603295070000016080008630190096001807130809006021408703070002008860170240
480091206050008030607430580840109063901007850700054900060745020208900605510200097
600007040049650820307802601070009382820074100503280700900700400760108230015430908
000820000407501803819007256090106030504380079031900560040600027902703610370210900
900200053340718096012009070260500900000600842781492005420136080800907320039000064
020170834009503000138400507001004358657832109080005000063250071810607023400090600
009104068207089045048500900610950720700003086082047010005706400071805630906020057
070063009029800630063950208698002451007005000300486790002704060014609800036020914
053009760708620053020570080902158040045700090070090538207904310514387020000000074
900204360074050001023180470430825607062940580500000004006000040349610052007492830
700020810029050764804769000090587600560001200071600598937800402082405930000290007
827316054019050603000002001900500468004609012681230000060190705043760089790020006
003952607290004000047100892078001003900308406402506980060019530019035024305040009
302089504870426190009000008108563940043100200090040301001600832204918070086030400
270480165048600300060032400407201050950043706030005014806704239004020070720390001
109040732340072600200308090400630815590400370610807000036204007054100920800095403
240071950051460700070002410037080005402015360060304170090208601304009807806107090
460090210098020050002564098950840003604900782800706040039480570001650420046200001
034000107005308000609175834086010503207853609003090002001904760700081040468030201
450670009098500732200093600905007806004920500720350014300160007149030268500084001
217006400000120037034078210059413800180600009600800351020369008076205194095000003
000049687369570400047200009700092056596704021200001700050060970680900105970485060
075030620009012050064907108018305240056240090020090065532070086000583070890400013
306270800042900703007403209078310090005700481460890300003180040059640008180009627
061009250008205700072063098910520080803007602200608910000892004184076509029000036
904056710600098004073002650507009300160080470030671905040915820308004500290007046
985067104304028906000001008400600093608273540103004007000806012541032009806100035
083062501500009063016530700070103289200007006398250070809001425100624930032090000
700601835103050900605320010009002681210069700076083050067800124304016008050047006
015020306036910074090603002342001700600054983008076020403509007060002548507140600
017905026040610800890004057400176905103000048065038010600200079730051004250069380
090102508106005740705403900510239670609004305030050800947008156800607000002501407
045800697702610000800470210901030074000040160457168020620004701010086002078201430
000070039498300000076198542005740621601020000207061950800907060053410008109005374
006005201820063050501072803405609008180004906060701034258007049300090085600458300
850060729960502008200908100700604800600381574483000010040897306570006041096100200
204089030650000470030647059007160325068300900120095600786401092040002801002850003
948002075000067080027089014500270906794003128060890000800016502405020063076340800
800052030063470020029001476490820063250060004030590280900008007005046910672015340
000809740670103058598004003080490500740508601015700304439000860000046020201985407
230004706054960302007302040300470800470189500508000174040201037910706050720030091
354071208000034510708002040071098650009105800580200401806403720007500136130706000
070000300803457209092301705058600920009035180041079030007548600924060801006002073
408030070000417058721900036260004813104008002500261040645820007000740305370100680
000904080079018060368007914190083005040700096057406201025809103700000050930645708
560083901037609045010040060940300170080521496021900000096052700078406250050090630
500300071609050080830947650050098100018004090206510847905831064004060009760020508
080009017900501230142063050650002040208005760400396502721630495000007006069210070
240000100700392406530601078004050002305260901108904605010800500652430019090016320
000593700679010230805006094148065907700089060300700018500907042023408671480020000
009004170571026800080107560020910007103065420750200016006850034900402680847600200
010780309350000100069123084094370650623908740000006090230094800506831927900000030
400903705207608100530040980680430290004009000903510478860170009700004826049802500
070360100016078245408005006804700020050480013021039860003241900902600430140800650
030906015701050460690084030400730501510208043920010008300090200052643090109020356
385200090000304008204018365821540630050760180700800050408100006600085713507620009
509760382020035000013002507104500078098017005200640031060200800307900126052186003
082000000100097806609281347075600281090015700016028500904076100830054092001900408
063050000920403705008170329075804002006002057390065014007000190054901008810627540
803019650600720300410500082570943106900050008064007590700305401196204800005001079
690080001703241086800060407000032508038070062526810003080050010071308620305024079
109380520085049007007200908008900750052470600790056240920610470800590006016700092
700090000840521079029003865060010003201709058074806092000350080380004217697180004
083060005745009030000351784007540310012690500036070049004705060058016097601030802
600703580504290061809050007093587002750001038100030750380000070960074120007315096
470096002100300608089205307205701906010609030930020071801050009504987020007100854
500040983307950206809603000002004360980360020403205190090510837608700002701480009
600405700034079020209600458802500006960304072007160980083206190090010260120903800
061038040203740069700009103478125900000300480029400750032000670000062095896573200
700236810083009700102700950321680097506092108000070002037004001008960345604013009
620005300900100802014382906400000600736420090005768143869250730007610285050800000
000350218243000000180276304300081706061435980890000500010023470029047160037010800
091538004825007093000900850070050210952871340006003500403715082207009400500300107
060054803000271456007806920405310692030425010701689530003700009000003060270160300
004038090080965002092040380453012078217090500009450210940326107005100430136000000
310094802008203910004801307802005009009480030060100000625017003901006720437528091
100030608408006190005009702713062580000805300584071026856013200040590060070028430
000078903005900401200146075762403589001860700050000000146729308020381690300654000
003025008060870500000691374192738065306100987847560003631050040000000000405906230
785023196140965007006010020000700500609051084023000901961508302000149058054200700
002574000740096320090002870907138540008027960230000080800040250609750400015203796
582030604300060000901274305070048592608010037020790160700386019200007040809021050
965704138041803700700100062837612500520908310190400827000000981300200050009006200
000920705003870020700460108380609214049007050620104097004002006076098540801546070
923000050180900460046531029017894600568023900000065070000480702002319084090057010
218300509374509800905418207000285190000031082020004350000003470046050000593147020
046075120750210048201430670000300207007560080100704300010620030069843712300159000
037596008002000005800003917064075002789061000015040706501630209620900001948010563
016003000000724168002100000165007390300059000097061845081072534603005080054938021
537004010980001036000008074800023007250607040743009060600932480401705690308006725
634578102500000000710290064365907401000321856200460037040006370050040010876100005
907584106010609830640130705070300012286051379103200400760000003009040061054010007
172450300090007145854061900501790268000008073728605401060012709017040050000073000
870000360020380704030050281456930802310500000700206513598062100103700428040003090
690250017402107860007609035209400781860000002000082003501096370040023056000514920
014058020000276154275041900900087201042003670060004539000005090080762315500830400
453071002290080100081052479070100040064020593032506010700065028300807064800203001
639487100725190380080350709340020571002804036076030000153068092007040000000000657
600409080849030007007620390080700000425000879970802053500207038763080020218053046
980026004564871200130900007020009158800502700006138400240010305675280940000095002
080094013170065080302710065003070009914850070708043056201080030090030420007601598
057190004408206051310040007926410500180305200503082146760000035005000618801054000
572006100609531274103072090810029400206300917934050000008900050705000309001745002
001082060360700900204000810610327408483061070700840031037008106090074305846003002
200830509904571280870600300000128003390756014108340007001283490000000038480915000
072000010603178509010240763369020140257001600104060072091002430000500280000713906
034620051809053064005000730070165002900080040053204187100032005500806913390001028
600050010510069203079801005041020706390074802705603000107296340030000601460007529
164000000579026104200041760002010490091875036603204817005062908010450000020907040
495060007670402005001597864024318000019050243300024010143000700706040082982070000
741390260200078005800400100056840907480906300923001080090287006570610840600034700
900700364360000207001032950504987000207064830010203070649020083082306000053070692
900800014000907650056020008583094260004000097207060035840009506760582043305640709
008104600614070305250830104003900000040082009509617008400000213095723800082401957
001080026080273015032050704103097208769820450048000100097018040020060000016342507
105000407070061309390004618000005976049678001006392045600509700903000102087120503
030067940907403600006290100704035019090824730620001458809002000300040821040080397
019463500080010093300008761056070820400001006293600007520806370060530208837092600
746000000095081463180000090364070010908004006570800940007402309600500174459317028
720485600530016400406203807040807000391064070687020300804050120960008034100640009
005832000062051800800004203090000082520049176136270549054027938000096010700400605
050100080000859400049726103004081370781305009032097010400502730100403608006908042
194005023028910056650832194006328900870451002030790000000043080083500201002100400
839200007506070928004986030000104080003097015060000049700630150691008302345701096
670001509200060048401050702007003400069014870140600293030070681086040327012800054
107900500340280617680004030001608000408572100206390000064120308003400279702830061
103208500500397200290001083000726800671854090025913000012630750730000920050072006
080000612106900003420180009048209007500003208062851094000602930690348001031005846
397806010005302000402019805500190600089034201036527940671005020058400090900260500
704095326193028074020700091362014080050000410409280000075860243040350107001000900
300290070069400010028063500000570400914602700270041039003720905490358067650010302
046508023205360847380472000017004398930106570802000000100023059009000030403015706
400009702098247061060803504800095003956002017743006025004500009000064058085921400
345600108289100005700859043000000000810704029504021006607010054003065701108497360
762500100100302094034001520280060903347915206690820040013000402070206005000154300
000540320003908017120070950208700030417003589000489071750104802300800060982000143
605370040012495080794010023459800702100024008200560001501000230067043900023150004
080390142061004000394002705146080003502000000009271054017009500908530016450108927
315620000920340586840097030601470008254000079000060410000204957070009860080736240
751032800004800251208601470982000000470018500130024680013009726600003900049076300
500072060200649700906150004037961025109028007052730096620080900000306510095017040
304800950509140000816590340430900070107630009690407135263080090001350082000200710
007300458453000190091000260000830049600947000749215000086053024320000870970028635
706201935000709682000000714080100470357004020401070803298003007603598000500627098
740900000060802540200340679000590203309087456014620000098065030637410000052730804
793046182006312007402000635830609004965030020240085006109070200300060500600001473
509140006000253409002690500694071205853900061070860300907002158005700642020000970
010702030825039006039105000560000800481006320903520001190050072306200058200814963
050260034760485901042093608278010000390006100400520893600002000500178060021604380
000002051425931600810700004006590043904020800350048790001806430703250060060304579
300827064007943082208500070104200850789600241025100900012350000800490005956708000
709080314300709006061040980405028063007000049690071258006030400802004600904160832
015003700607058031300000405506091800032086109001072056059004602104025903083610007
219050306700410800845362700092800014007001235100625070050296480008570009070004003
372080010901370000685000037020010000798026001160739000050003108217948603036100492
934020600007009048081000703053002071010038020042075900198260050375081460400053089
005936147703245960090070002104720835900580400578360200000050089050807620087000003
643971002290850004081300609000069040024507906069080500300020401050010768406098205
609020371231097500857300200006900703000200684308400912182000069700062830503800020
083601200006500003001000400024010050139740682005982340040260139002453768307000024
040000609836027401019643280903071060070060903680039075390814006400750090008306000
000078206802690035056403080908235064360049001240816050504002003003104000000380542
030024075014605039705900004672040500090056200040780963120008306058067000460503702
091850200780164090450720016300000502000041769067082104230470950100000608506008403
549723086300098524810600097001230760400000230236807900000002410720901053100006070
004506000000983205000214760001830020709000354260490007600348000417659032308701096
842007310700100026006000507067000804589670030010839075023901068000782000008346152
057001049938405020610802030092103607301200904700080203865000390023906508079050000
493800005201000008805002107954100073100340500706080210640218350582400701300060402
090042803041370050000010040615290370028000690000806420060703500003489162982501034
080401000170000428004007156297000080400002701810500302021690847748210630060048015
107090800504210309000000100493072580812056090600084013946020000050400601230768954
156700430370491250904005187642503008509004003003000501000607810060008395830000704
105800609900100002840970513068295004009341008310687205000020980080760000092410350
340098705596704800708320400004000176050180942000409508809001054060850090270906080
306750104070630059051002673730265001012890060080004090103020740040000502008473910
073001820652000070814052930000400198409800302008039700546300219301060587207000600
105627090200301456086054027070400610009200784012068935700536800800009000000802501
906204070004058069003060504007042190120300400048190002085409010091576280002813040
438100056070465003051080904540009061010500070097210405765920130120008007983700000
200385704500000030713904506157692048968000007040071060005009673000530400439060801
250148907094503821803000405142036058387005200065702304600000002009801070008620000
200630409503020081164895023609084000010500300020000060056019847941050030802046015
300400206540823971872009530920510400004030852758240309000300020009051600005002703
000006070600841902089025040060074001300500007071682403000490605890203014745168039
071005000938764025254900736300197082100600473706000019000009804009016350860503000
700600008309502170016000002695030000800076430400085260278460903064009027903720614
010009860680213745270806301001000683000045020760000904020030410146792530530060009
756043280089201300210586097000009720524060810030020560800610900340000070005732048
340601905958300400761490002800034509000750630130002040293806054604070200580200003
700080902090057010080091670120509060003046020049028357430060080078304006961070534
820003096190000538060908217940106725030405069006280140650820001010000984080390000
034062501007801002021593704798204610305106007010030408009600025000425070050079006
508904102090002085400018709387405206600800000214700590901000003803159607000683041
030005684084010570000384120072000090040002801810560042307890406058206017096007230
940605000370009068006000204010098007759130840800750016130060000497510603260803179
097802050030451700180070304500040062264795108003200547759020800041086005800010090
060309108807000635403800200300607812102000064586400970908746020630280000000593406
000100065600075108150086034700892010390000806081000297509048600200050309873629501
618250703093000025507104908280070050045001080000045012030506071102000806870310594
302900841000200760097804300605413900934020608071009030023700100006008293009340576
050608070070023915003000802780000021210840650634100008508071230961204087020006140
009000164063148529001050387090000875608000032537002016102689053980030200000014600
007005010105094762986070435453900007001007050720503806090081073574000681308050000
004007002900534786607908000540800209000406157090050003105269304060081000270345618
800090726005000080040708351000072100500040600084006203396587012752060839418039060
009085140058010070000006500906001008842637050530298004690002807087360090320079416
004072905250018004910543700360850470001200830708030652623001500080706203000320100
070001908009204000600908043100040589290680471700105630457809316023000807800507090
642750810003416290591020470005203000000197358010840620069004082108970000050001007
786000015143000802529060430074310050008009000001604309007026083390851000805437290
000081379085730420703046580041000002960002143058400007519000738800100090604398010
301028594908540000405009186093850260000012043204763059050090400630480005040100007
548702090000930640000001570031086920029104000805020410780410059390050860102698700
045978031701630258600002009070401503020350004500200076019020060050106807067805012
049103005000290016010407309000814063300009182160532704003041050025700030081025047
154789030806010570000046008019234006060100000320800000730458169605901203941000807
000659714594080632007234805843502100000090008009047503470300981302006400050070020
920300586840200007000080002492508000306021854510600729680050073001000968209867040
109270065600913028032568009907000400013820506008149037801700600304605000200081070
308409007090812030402007069900003006163925708025008913000230570270000004501794002
043082050010760820800100097400597031360021905059400702694200010200640009078009260
001403789009607020070009010080791200916240830042060500060182950020930170100574002
030000708752300900006497520400610070091205430673940215000800100240109000519034082
040800905258094060973001240304586000007020496062749000700900520430000609829005071
609805200000276001210439000004027006763040890000300704400690508031780469980150320
049100008038000249562948001004030086600204590800001070906370820405009317387400900
386000700710034800402678301501300908604029500978500400007000605800156279065700080
800709036950026017030180090041208975000400008280597341003851600068900004000674003
060102030049060128230049600000721400072900381000430205093687500804203760007590800
320000407509040860146090003035428109010000628080000305807630512403910086001005034
020410000005730642408000001600200007297146083304000016170350908009801074043697120
008012965000308704602090813274005690910000250850729000005080476307204080080071030
002970813047830695080105007670090240004301700820706059000009502205007030418200076
890401602010250709205009013080902300004705260602300000020194836009036027068020190
021609534000030002840007090134800629957306480080004050308062005000590018205048903
010090400000546300043820976100080005800052609350069004230604897490208563780030001
839000106700940200640080000104500869205000304300104725986400502020690431000025698
650870090047093058380215000010320586528006300930158402093507800165080000000030060
107609402495832000630004080000390040803520791209008000028000004561040800974283150
040809765800524319105030800027001004010002576400780100032078690900165030060003408
697038540520947060483506710800079035056010407000200901000094000070682054340750000
050610030036859007080400059600008005017502900028941763900085420142300508800290300
095028007041705839608403100900604720802901500750830000400016205100080070039047601
400350001300706000600001054010067843807400192243080600005074206100600507786012439
003000016629814700400003200360007504910450060542000090070000901100948672296701845
021394060694701000007006049285179406019040250060050091100430000940810673070062000
843020751005000940972100086280600504090201670061075208120509007000708100058000469
680053090003186420020040380010500002400092010052060804030020648806439001005618739
980030720745920000260070940072890010690000237004760059037684502056010008009300064
500000796090400500061970004015247030629301408340890152000700065400582010050039207
050789063080104270790032040300598614000200397069403002905800420802040006000320950
089620007010800640562704819174008050035000084896040000027910460600200190901406020
562010003043758612071000405350002048018093200700081300205000061137809020600120900
315400870007000426002700513009304785070056004154007002041023000200005041736140208
200503198035180020861090000410036209070915380003028607000601802004072005726050030
581603294730940580006052370170239460300700809200500030020390000019406000653007900
053460079704005638082007000008390460305804000010070803906103004837649152001080300
614072309800000425925843010009007063000009004700100052530001008190720530407085291
100000083000540001048013090032861507405920360006405912709000050381004200024109836
001705680680031900945200710004609850702054136568010009053902000200046300076003500
900002574800090632273604010507001048194070365008009107010906053050403080000725090
086900253902680007047230080603149005821007090400802731205090300090000460300720510
830700040061408035070003801000306450600945002514080690120009064946150307008670200
205000091800170060016205000057319248103050970000680015070521630540036829300008050
003609018000003604900018030050107842890430007400502963609870401105904300048361000
207065040400070630061802597000010826803020900000587403630051789000400061180096304
012003040000629051869001300358200000027140509091300682076534290080007060934800070
093804060200900730050370041040000673001723050070008102100439020000560387536287409
800000050107500489000002060560279843079038025080000070050020790004985236092347518
307000500409103800006459000070520638032008957865000020093010005520700093748390216
046937251097004000102850000070640890085001406060780125018460030050300987903070004
500000006702610950460500073120005739945030260807062000019300000058197642604050301
514080937983507162620019800748061003100204608062000019000003204090008350200490000
078201300063008017914306080730509042090063758480710600020100006300097004047800031
730001068006208510080004200673400001805706300294080605308500102427319006050860700
000758062020063790708902430042036000083001009107200306870305001209180050415020803
000056931093001052500002680016008040234905170007030290360520410720019063000680027
005701000070843520004529617002000753497105802800670091730210940069000078540000200
002180006076509830039072010385067001001308004040001003708210340900836020003794068
609400000050986040000250098034890702960502081210700950175049026800005370403608010
700015008030070495006400000602348950008100000310206047240830510589061304103504089
402037090010506048090400137238000610941600700567810920074060000359070860100385000
406000070072361504953874000000000602605108000749020308001007209094286001260013485
400035009380740615709008304010006870908070000637000002190480567275001048800507230
060048009501009734094001058008000010000013467300200085125000870039170240076382591
004007305010300600300005214073059046050631809061008523046093752008400901730502000
009060003308175400056300100042903710097416000530020690203040000960537801180602307
486000950000980624901546300070408090040600800069053072350710200018205040290860035
426007008008064320501200746800006400100502030090718062080003900043801257709420680
507400090123008406800653010358210670206504000904700520000890000400307182082105309
908036050040050690600007130000065013501923006030814500400602081360581024100340065
005014620004902573230005194009430207007590080480200935692000001750100002140020850
460193008710000064298674350037005200650009080800267530006052090580000602309700045
104790200765023001320005000270408695900260700006070182602304000800052010510980426
900060000720590680568430900457180206286000137130002500610820070070350461094700000
000760208726010403801500070100902060092008107603005029260391584910057600430200001
702603100005004382001850760000430296503009078400008000004000025679501843250306917
057840003924071005003265794700100082000620057230400016006902501549710200802000070
130080620600050378009236451080305090060000200403702005350004902016020804942003567
006030080035208004842976135060002370089007500000503806090750010410820007257361008
200340598090085200583907600405763902037800010862490007349000020728500009000209030
685000009004289000239460801547006000006357010000040056172638005450700002908024137
002790068430006501008103047076000000900501080041089723365010470000037056784960032
906004208813072004027600103038007040705200609600140837080053006070406001004891720
040000256106300079597268034438700500602001000709605480000016920200973000904080317
356009072894000500072800904201054000700201045945000301027063409403080206600542100
006284091845391267290705830000000143510000609030006700607000050400670918000548370
200940736700280149094000080178603002450009600369100050016098024000430060803062901
017490230025310478048700961200073049730569082060000000000635800080007006576001024
800600070400200356600107420040823069068570013273916845000060187780059000020001090
050201493000300156410900827100095382000020961902100740201009008800004209396080014
370500690486309507500627000004095300150203900009004002040936185003051040910402063
094510000053208010081090536042871000010900870300604000160040008425780100839125607
400678035003009020890005410040763000570021004020004071069082140035497260084310050
105860903392004080846009501701905406038601009460200810080007160207490000004308002
007306024362000079900072000020053498700060250495080736856030900279000005134920080
400980100015020000029301567067508409090200073030790625701052090940063001003179008
068100527900500846705048039009407200170360400300285001080930675004051302500806000
800507603507000028012304050193000087254073196080910200401000075060030002308452901
986750000240831007010026458530140006070008501061070200620507849100000370794080010
046080379217050060008067100000500003390602010785910206100700985472895030809036000
072091056840600013100234000090082345500069000201453600000908560028006709050347180
010406823040380600800000001392045086470063200080902340903618070150730002000509138
503001040729300018840000302004012705000537094607090001415769000300200150298103076
378692050162507980400080600000708540680201030730469000500800010240010897007920360
823700090604093712709050380001600009207400060965310400306020057008064923502107000
312600804007410605064029300020036049700190230639740518000905400400301000053204060
802065370516307028030020050240000039980000007603098000160004285327580001050912703
234108079700092103001006004140560290900003540856200030027384915000000080080971460
450000009761800400390000510040658207900210086200070140009560734507000960624937801
879130006402060003000007480583076120790002048020309060040050610057090034630248507
100409500900001870670820031340502068015637000200000753009750012561240300023006405
081060003579020400400175009020056304740030610903001527800410906610590042000680170
207891060049600002030070000000500620000130057805724039471065098596348201080910500
087453910005170060421090007100700203043005100000900746304089605060017428078004091
380097065901000470450601093006000000100060000248913056819204007720380041604170520
008000407705901368020000509981030670637190200452600900803059000069804750014300802
320090400704251060800064007008000102601802090257100836162083700580427013070910000
190308020865100730007090040016530007200784060783060490978450000532016800601007050
008009107906800304570340089060090712185020400020016030803160205601000943247000061
800954710000801002046072009428039007713000040069040020300087061674210090201095074
200089076756000910804070320062130009380004051409860237620700504005046102100900060
574093168010064520802000000041608030000340000930502704680400290020986403493007056
361000020402001350009306810000049030100060502820017640235684790700900405908170203
807210000300500008514870020002631405903725681005908000470160800608450700250300064
900317560002945087050080100070053800406190030035874920060500000020030678094768250
921560070308000546500370090103000782080032005250109403019003857760800100030917004
046207015735490800209608000403000009908743201520069470052014030000082004084506100
000007168007926504034108972001034095053000801000010640070091256020503480040680310
600040108504203970100760354200070003706000219035106840801057002300081790450002081
017342059000000837900680010378206041620800073145903200700060000084730005536020098
068570900005401268900860370587609400600000001412030096050906040004158630126040009
128300947600040200004712050710004060306200090509106872070029006203670580401580700
734051068251780030900040105040198750870000041519407820080079310400800000100630002
692500000805300006374600050507128600908070020001906700103249507240005981759800300
050193784000000000041508362310204576020007090605319000100002635507000429462900017
380056742200478900547000816012703008803290107096015023008009000634080000905000380
700000060000530001030604795520903006040160578600480030264309817107846009380701050
001706489060049030200381000308005004650438907074690350013064570000913000400250190
020900800089560403435028091690012007000830160851070200308204900002390048960187000
935408100060009078040601003082000501104356020009182040010043295420915780098000300
952780360300100070100090020509408736860507000020960500607245198205309600401870000
180000635062753980953806724230070800500060270806901003700104000000537408008092050
901420000007156349004009620402067080050084102700201004096745208245000096300692000
572090361069017450003625780231000047080904006006001538300000600150700890008050274
003000010091320540700519038605102974000008020029064000506871390902640000178293060
507096041809001700000007290001003687070615004300802019460009008793050462180364900
309502000541738920287016004790320800028067093430009700074000205602003070053200010
067312845500000060180000703209860107836700409040590086400037518008000600600289304
203704600905082340004301000439000100000005039007930084300007892896423571570000463
470000031500713060310068050860270394935600000207139005604307008750001920108090700
467030209109007004003946571730400690918502030600703100040609025002070016076050040
000006100062059803598401200086905070004060015900307620420678501010500736075003082
900073501030408000050009083195047630427060009380905170010006028869100705200084910
290005083000007090040000215016203079709800506580900042060780351158034900372019400
002459107900087405075030090056870940804000056007000008000794200709125604240308579
089006507300975100750081003607009032045803019038000006020357698073690240006104000
080090025296000001031408096170980600052603040063270019625801970018000000740062150
000070024703102600000540003805029046460000952092400701270058019904210008501094237
020308019814025600070146085650403000701690054090857000105089740960000021040560030
090300680100209307340578091080650124461900038005401970070030452623800700004000003
904032700672580409135409806548003000026004001001700542813090000000810290069307008
460100059735000010129300004082961405570003092000020063850000620207045930690218007
000096372239005864000020000001057200700038451304602098403080120892000500017243680
513700000000600759906524031001000500059867103620051984162075090090100260380290000
460050183750301000002490607600204900000900715301075264500080020813020049026503071
050106203800702150012495600690370020431208700020000801005803960176500080980620004
790840300234060000008329407400610950500498163109532704002106039010900200070203000
005010946006000730097006508030564280762031090458090300203485000074020053089603004
089107043073000290504039078800016450457082010906000002005000384368005721200800905
000030000984106000361050092602009058010082763578010924120865470000390216700041000
390026080020743001060850324003470900472600153009300048040231875200560000530900200
400806102601097038390021706810204670000900010036000240083645021960310000102009360
900060320100279654276405000640003002700042061010690005500301249001004070098706513
089020700070590030206347009627405100904006520010030406042800367003270051790060204
040103750030050010000640003401367908789014000620000107514000390062931475090425800
000000495240080730009340218064003009013760804825094070450001362600452080002030047
000000608410000007038609510169724850507960021000100976005076130690205004370091205
000301420020976810195000376000000000843097001279008534086002903537000042910405680
642190508010285004085040107000804751053000849070000000004376015026050080531028970
806405170004381260103002904602907458908050700005000620480103090031060040009548300
004070810080940270726005903930468052800510409052000600049607108600820004208004560
905007060700563894680900307367005019000179000029004500093021680001406000250398701
436802000000300610510647800384006520100054000965080470001568240842709065003401000
054130007000040320000607415705408060001263079903001040090320680000906054416875902
000400680689702501410090702152304000907685000000209450731028060520000308094003275
150972046400508197703064002085700004947803610000045000869007421000081009070406080
024059680190360000030478192079043005085010060060820030010094000953700420840230901
006803509830695014490120836358201047970400165000000000700900401540086002280710000
109020007007910803020008106013590002008162935592703040851000004230047510004051300
800062090060073040043518260128754900037009024459006178084005602010620000200000053
760040308819000745340701260200810004053074080081396500030928057004053800000460100
625048000701060205030000064409600873870400900000897410056720040280006597397504020
096780201742631980008004670004070358825403090000590004407002009060850037530040800
619000470302400090847956201021630700000100000463790812035009186000060503206013007
008501790607498532090700081200870103000350070703160050005603928020080010800215640
050048360893007500706003819060085071409100250100792036007804090500360024924001000
005740090492806103730192600050020086000015402200308051370084560009560014064900800
100239000008000020004187036610058790047090050053004862520901370009876210781000640
090008000486179000275630180560013007130980524040750000604205038050361040900840600
730200408020403657000097312008620934040059020902348765801002000203004170007000206
021473900730890000604005783042567801563901004108004005007100368300050140400700500
700530108000200000130000057070469530361052749000170800010600400624081075853794206
007400002042800763500030804084375601306104580710020049608040030403580100200960078
001009070036150009900734501300896240295341080860070100078025000450000902609410057
270048005840060290065072004700801400008096570006200180092713600600080920184620053
609030487403807950050690300260000740900700021700046539142300075300081094008400160
304950007012046593090080400950037028400829705207105030508002071000304802000078609
947056010682000400503420067160000708034060091009841006001580609496200580050690070
490357862360409700205600309510073294020140580047000136084205003030008070059000000
703000060006487920080000054921040806075108239008020415002310580030070091017800342
412006058067350090903080007020700613736100900109000275308510006005247031200063009
060209470204800900080730602003908200049027005827051304008000540506480720412070830
700380000600900182009510703090248300368705210472000058200459870080021409004030026
020108000350006180080934006932860417000009238007200059210007065004602301603590042
036004825075201039920030104000300201041562398250098000397800402010029500500400060
360719852981520047005040010102000006840000570703065080027453198510090003400200005
502037406709865231610000700056074082137608900420501603005000309000900507001056800
897305162100029070062010900280070030003580021500030804425008613700062409610003080
009851340103009508048036912080600730726390401004078620430500090800062000000080274
003200049640390021210804500390050187862073090100908302530400006971586200406000000
907080130150097000082413905005000200200750043700301089579048360836005402000936008
148700050705010394093502017062903000509461208000087000900124780007390100014805020
089025416004060080326001700290408670800710000071000803050283140932100008100590237
108062904260095183530080076000210430412853007903400802045908001000001009301040008
001293560642051300000746800765000208420508073008602059006107042087409000100305700
670010084183900602049628000000009326000354008001276400390800071268701043000402860
800500020000237000070680005000065034034029751500400869067312098103906470200048613
090600050062580379350129864046308015900040008071200900504060231000030086620005407
056204319419365720300000005094832070080046003673109042908000630762400081000600000
071000005406278090283005740007354810508109007042607000700830054800740920014592000
349520780050308420026014000502001003000072540097653018000000104260130897100489002
000078300000040650709352140001200763576103429002007815607010034004730201810000906
180092400092740310603815209010209000906400821200130004001000940309580007004021583
920006500087000042046072918060000007034080025815327060600054831053008794470030200
100005804048060375532784169000498600080600547416073208603040700890000000750010080
397040002128670405000283001203000706450030019089106240001927504964805000002004100
905006047004010580610500900007030019406002073003760425062070054049003061531604098
500096080800712409090853000200160345450007098300540107005000074973080501140605902
016438050504061983700059001040003500679020008085610204803070400497002000201906037
004872065071549003050000709140080096580030201000701400705928030800300517463107900
478560930000010045150400268810000407002701306307950182004000010580173024021040070
104095278907023400528040090001000000000004301085136940412009006600002834853460029
840956100269008004715400080054000269970245800080690470008760003601089700097000018
206000051918650327000910080690503100520170800180200600071405060050368709069020048
800405030400060052029000068008207096294006307065900000183792045950610073607503001
000080134000002006670014800300408569754209381080531420430025008012006700860190005
000080720306204008800019643400930067037000084609008030904620315253890076000453002
605982000409010052080750630917820400020475098850600007508000206040568900001209503
213400000700802000000935271001060007037120069026093810100359008300647152065280090
230619540800320000090458002073000004402003870008002315640805900080274650725190080
009500400018049360604381900145600708096802000030405190200030670000708219957100034
643005271000040050002006000508910630170000985000508002210309564085261793006450028
610004790297318045800067200068409002729005060040600300430791000100043920905800410
528400307047123608030580000190750800470930001080612794004300900013200006050800123
010972608748610005296800370030024009000300060920700500007208106000530824382061907
000052306070006009021009857090015060718630905060900138047268503852490001900001400
809000301237000500056703000784100930625098140090507860513000620000900018978601450
903000000254986013081057200500401607410760032760530041097040300800193400000805109
701056030906372000230001687600030008008004020400260519327089064860400075500027803
046038570803014269205067380092080430000405190000093007020306908109050743307009000
546008073020000009397246580204917360100600027703502904405800796008400102000300400
007358090900000045001904780016400529030005807580270403890500074000862931060749008
700065000853704621100000004302010005508640010619053742960080003031570080405236090
160092040200350060009641237901086450006537018008910072690070381015000720080003000
730010400405008003060054078050472836020980041070601009397826510086507300000093007
040300080000026007027408001380741600500289703201030094493562178750010206002000450
520007400094080061180090072261008937058720604907013008012004805439050000805002003
052063190039108005076290000018500720000689000903712000080306072260051083304807016
509040600742986530801000000413005806695008702000409300920870050380051279107003060
413680507000200143702004000165048702938000400207560008004306071670002000329017054
900320180018900026623051794359000001040005009080409003830100460207540010491087002
000102095004500870905340000790408302802093040100270900071804530520030604408906721
374002910060049203209607408430976805090004100005081040100203064900705300653010090
006482005000310800580970302750800600600057400248100070900728034004691250020543980
060400507503001040947206810700869035304105008000300070078640109009000026635912704
600010900075480200398000470056000120080073604943162708410058069007946010500030807
705642001206197345000530072000300059370850406009204107010000004600920518500406093
000076082071500609000213450709062000100395070025701090964158703800029000512600048
160879340548632019937004026016000502205013068400000900000090653320460107001080000
506000743013608025900340160342009817001782004008100006000097302230856470004000650
030029075752360941006007002305046100201003750869001200020690813690010420004700009
020300405764000020503047106982130540100004008047890231359408702008000310010903004
000560401618034500905720806006043025200017340000000007500070684302485000487190253
986057000127009306035160000008400231061538000300201005809605003542003607600004592
401906027763218490080057001894000000100080054600740208078002506206005180519000702
067321804030408075000009002045102003703600020100934507009210748800503206006800359
003204950065790843790000601589010036021600409007800512008900004906140275002050100
010004508085210060400098070531000000829340751000851030008165007150400683290783005
096100300184900506005740819059000600020054907807029400008290164643501098010008005
040010002005004917093250648758390406902060083304080091801900260539006804020000009
100604900000728003307190642006870000072350490900241008508000009761982534090503070
700645108509010037006039540310080056690057081258061309073000865800090700020006003
021000436894060701076010928000024800480371205257900304630040009048650003710800000
820060431060000500005304689200609103017500200503142870400090310931000708780403065
412867030000950261006301040609000013030048090124003058708439120040205006090700380
705612038002089700398050002007103020200540380400208590001837240900400060804065073
985037000000068003631002890700609380863745002509203740008326501300001000176094000
468000791590007038317068400050002104800190305000005080029840503600020817105730049
704030019002000640000405703213706000648510000975280061820300106567002830430067090
982730564040600082063408910079306400236507800415800700004970600000100040350204100
000820590805000003090573160600001940107052086509060700423005070908347000701296834
120780500598060020400100090864093100200847306375210980901078230600005407700020009
048007200000300570025009036072415683003920700400038920054001097030094160610073402
300658204040379100609010300003960400804005000005483702908030607230040519010596803
000208047005403180478510302304900700900040830610037405040605073090300204023790018
500198740180745936090360800910006304000953010360021008600089170250017003000004209
019374008000561390046008705863057000194032057050080100930006042485090001620705000
020000001170640308003208070732890650940576083005300000086457102090003400504902837
460001392012940507905023400046739000703102000050400700000315820021000973830207065
580402106004586073300097058001365027973200564265000801400070300010023000730900600
034900870501807090809002501020058014010000705400360928103429657600573009700000203
009600000526043709031705800005436000760010095200509031010360587304080926080950140
108040603062300470000726109605184390801057040000002800380005010209460708417090502
000000250026015348305028076004060027261749035050080461410800090603092504000600702
704510860000028104001704002005846000463975018900030005800102006192400583040389001
180090003000730489904826075010050740020403601049617502300002957070908014090300020
980026004265471300140900006030002471800704600006135900650010207312540860000063005
209106030706584290100020870070951068060048703000060009023617040600405082490002610
502008640380260000967103200093614000000037096648950030406380905051020060009076810
516270008840530006730081040905002400107000063304007280473158629050006037601003000
002180704080900315490700200100807950908030040756020801805600123009270008060318570
200830509507926130390500200000718005750469021601350007003245980000000052820697000
790180462682094510100706083570402036328069070460870209000030000907208000010000098
019860000082030000470259006000000293035920041021600508100476305200300167367510980
845009172006074805009508634200050043003002701510397008008243506001700420400010300
369012070020000309000003820517480600284301050093257108431070005802034706900500400
500010072020780603710000590360158004891060030000097001630501080008902356275006149
003700060912340080670000204790405600000037491000001075409560710036874050857912300
140236570925700836030050042080000093004829651591003700010502300867300200000607080
705912430302480510004356087000000020070004800806093051090020368153608970608000045
920001875178005200006280190600108500034002009050900000702800431309426058485010960
068000103037800526050160080000354608010600930386912007801035260900206340023400005
975004000004500789306029100000608092002001500497203610740005201009102840621487900
310060290248019300900530014000070030691003578083950042039426750100090480056000900
072961084430800615168430000085090420041000003307002001800209000014608900926304108
603245007000080005750001004029518060007000200005027498586194072301070546270650009
106480090940000008528690341070160050004000016651004980782030469060908002319006800
612007358370068914800053072000816203426070000030004700900000027280690030003082196
005320460000908500030054090502843016093070040014695003701039082320086070400200359
503681792020000500009425301030700100074003006250064973007040210312070009490008637
000040567659008043000615092000061004001480950086500370003094705005032609012056438
690000204078290035030465700010076543700120890800054020507042900140500302309000458
003271456000503089562908100700619528109002760050037000908025041005106800600700005
427000006100942050900671004009004178612709300870500020590307461000000532203056097
000504800493068205700000634016807003000006900534921060040083057158470090067105082
023070805160408709090002046050081973008795004900004081780940600230107408040026100
295700000081300970003850040042090008936007020008003196014572360600008410309461057
650020310008304900437169280723000698800692173106708400004503701071006009080000000
030000259009003010005049036100080327307420060652937000008152403940006002523890670
070000004026090001890370002205780049961032070700519260650043807307060095080007316
390764008450810697087925431010600040003200856840009070730080210100402780028000000
008057049460901728109000063012090070000000450800526901084005390023489605950700084
040730002620091537100250900702043106503819204401602300304920000000080091059100023
040281963100706824820439017304520000080000002000167008753600009410805076068002005
100690008940000120200080905890200010072819450431750802300100564704365009580000370
200070000050298003901403700604530287178904006030780401005049600309650010407012530
040500703507009482306720000900005306423070090051003274000057640890400137760301805
610000902057012600820609010500308091270460035138950264360090070002140359090000006
000928546080410723002050190897240030000683009306000802001800200000792014234060987
170903068308600921046001753030806075007420036000030000013005684805140390004008012
060125030002830054053604092030900240000001065640003819400017586006502001010468903
005034279300082004049060030780040060006008427402007900524870090108520706673401080
050860000602040987480397500000000108075618039004973005500480010168030090947026803
050260034320897105071045209482070000130009400900520318700002000500918020098706540
831947050020805001700620900060000807590186402010372690150000328084000170970018004
005837002283019000004652108100000369350000084860903010520700893436008700908021400
900104206601008400324096000563907820208643097400805013000400780000301000850762301
904570628201048397006003005500100070007065000109430086093016800600954731000300964
540900060087014209619075400290700040100800620700501008800157304450306872003080506
490100000062903004005600000580320461649517830203004057970006085026708149000201300
020109307500280046083067512070340605000000030042695071705901060000576020260804709
180000600730060408405008009600893275000152000050470901521730800340001527807025140
572360040643070080009240670490821350700630029031050008950702800060500290308006005
982017504036800020000029803640250390305080400100070206004562109003094082069030705
090361008305007004600940130850703426207490010160080700940008600086109007721600380
010020480060005079900087160087513602001804530350092840600000308548030010132608050
038261900905800002010035000003086095540710083189023746600350020800002007300170569
046700080700000254502008600000189540005430700081657030109003005854206071007514829
000410085810695023093000640902078006301260804068041092080127050130804260005030000
401005203370021405006483009583694700000030508120000090730050914805000630610340850
087004059200009043900526187500301824029460030004000906060700501300612070018905062
000973600005684090906150048009205473023090816010800009000069780691008530700341060
900038651050100082003050700406500978895740006000986100060804529200315000578260003
003810400005700182007002390759300040801500673004178920092005714516900230070000509
402089070790205003083760940608010359007832461340500728800100206205008094000000500
300401050405093186162875009840000700057930010203600000981300574730004901020719000
900010730127809065804607000506928000293104850781060290058701002412380009000200000
200010570087420090100007002604231705508700019031098064873004006910072438000100950
973140502005879600046352010351008027000501390002030850030495000509083104068000030
906450038008013905000000471100079002480625309029130786000586100005390020801002650
561400830007058041300900720006030050820091306953070408009205184000103090000789263
023450006080930007904807153600510074000003680270648000347185260056270008002004005
500100306031860950040000108070400200602710495154900783405201607007305009010609502
030726005150000279708509030903845702065300104840060090090150300380974001001600940
001025078000763100020001653609052700730600005000378200150084327900207080278506091
412080069000407803387092010104009307605070901809000040001308695500746000263901400
100300502400208963632900807740500128061080095590002670056040280004891056007020000
103200569280700014549163872032806000004501098051009030000652081005004020000910603
509408600603705800020301000395000040782043065060850203174586029050904701908200000
002430156007010230610250407508000903321800004040023680075084010030075049080300765
005008920410020036900007040092006150051283460340091070584000612209610085063000094
605400003074050120082007564000100040000002305813005297700200036460008952209564871
002740809045090023809235417017054980986027040520008000001003200003070568050000371
609000070008070129200059006071060203590240800060381907105628094004093012026000538
806030021070000894250140700465982107310470250020010086030000910580000670702800345
003519067905026034060803905086000000002601040059000601734090156508167490091400700
010003520006000301040850607087405260400702813093180000570008102800307950631029740
106029000059084602400670500570910000003000198914060250300046820847031905620805070
000620004704030005986010000001563400045100368600840059012786093008000721079051846
401056078067009400308074000054690201039001806612000000186000004205700693973402105
004070009008302054203549871001003000005108367809200140156020080340001596007035410
408023601013004078020000340980000134350940067060807092540286703800019025030470000
403095062600020093921006405000000734792300016006500000039208601017649058860100920
039578016206109870080000459002084507074920080008700902825097100790010608600030700
300050986009402310871009050006000008130576490024918000400060009917005863200897540
087500014024107600500004027210603089046059100090010062138095006052301008670002301
050843200200701854400520931500369000003415720014087000048050613390070582005000007
284706350051038004007000829608304015010089740473501080006100400740000008120840067
090030501480012009061089004845190023602000910079320408300008170916073045020400300
618250703054000028307806109260010070075002080000095016090503061701000502580920437
302900841000100320015203600904831700276050103031007050093500400008006539007390216
160309000079102006200070918090000000018423769630701280087014050300050070451630892
600480200480009365902510840070000020049067008005134000260941703004370681710600092
104500200290030450570020013000018500981057042657940800003005000860090704719280365
405600020083095060107020093320400750071209004048070912052086040700350689036001005
186000420207040150490812760324105080500307040079000015042070601760400000903020874
105286093062730451030100080350800049204900870009010000490658017671002530000071060
000930500650700004890020716209501000004683259586079103720300960360890420005000830
045008039060200705087506241300475806008361900406982510004000060600029407750040100
095263418840005203132804657050649870008057906960000005000900564009080300000030709
786000015512000403394010860027450030005002000003901504009024051230597000408136290
301028594502970000904003287049780130000046078807519062010090600290460001050800009
548702090000350720000009560053071680097806000801040230620180045730090810104523900
190040806562008047074695002601400070920076380700200001059860003300500019010934560
027000608590087400018000000061900385854003129900500706045809063003124000079356014
206904850870002300050001762480036009769508203123740080500060007002090005697120008
005130689910500407008000002031607000079250000850914720087090254004870300093426071
930750006052601300601839070300015400400203065529006800063097200094560030105020098
092104785030090064048600931203069400700402056460700820020970540805046090004200003
700030400803690170100080563201940000680005210970012000592000781418729630067000024
480007106010084973900600024000756001700120008200843795120305460590400007340960002
650400001041056002097000564036025490580314020074800103000598207000600849918200600
457932608000048200810057003000309700000570830039004106090420567025793000174805300
000605080007080690600070205745130908360058001019724306580369002176000800923007060
001530208000020759920007403392756840000203075040980020700008092269370000014690507
068500703003679102700030064926103847070080600180706930002000309410360050037095010
002510790410370200357028006504000900190007652206000830028400560631005408905602010
070805300580610724120034060000160932000490010001500480347080059900350608800941073
002036400730980010080041902000010794500004021240079856090003047000627080127408563
000740009065982037704036082000608300000027650617354090450873000900005843823000710
270000810635001020198076040501790263729613000306582079003060700400028690002100000
600084050503092470082530600006978040054000837100345000809706004065419700041003906
000309821309004075106570004008041300000806052640905000802003706534607018701482500
036590700580320004240007030450038260070261008608740300002173940010059003090480670
010042000504061092820507060273400006081053920400210070300120540140000239952370010
802095000000038526065071893906540300051000042284010609590104007020057130040026005
170040089694830020200601037000900500010006893000304071746120000501763940930005716
040090267017063904020075010035920401200058030000340000309014800782039146460080590
073954001061030074040106325930028506682500003000460090108640237050291000020000059
700100328005768000014329756070600000520987463490200007600402509157803002040500001
010003608006702000709406210090048532805230001123500984070620000060004107958371006
937000012502701004041390065008127006070600123210030078093060247080203059020900300
800509400913874506406003008004050087107008659605917042500001203320780060000430005
071526008020000500859037040930018265000000701015970480190700356748600000503090874
819247000700309400000610809300056098050801600007020045570192060193004280006730951
005001070097053216000000859078090004900032100213584600156070932809065000702019560
801300926603020040409650030180590307005701000067834215010980000006403002048270190
080509013259600740000482056096004070703900480010350020360000097870290164000708532
061000304873024000495803062680009100000208456007401030932087000706052910150000273
090700601073069800861305790300451200109030408540290060038500006950026010612000084
360078040870040603409653178000009450050132009090004000086315790047806030900407086
060800000130007005480020790503070189790183200812549637651000008928710003370000010
251980040680001900000360200004590308819030004365814029978200056100608497000070030
008760934601809005904230160000007642706023000010080370063490017400050200020378496
003097215070002360000600970050026400000750082642380597026179803080003750907040026
254039700306050209070400050400563017000280534537904000062040890183002070040871006
510700002402600103006231400864100795329507016150080324900402061075010008001005000
902807016710002580008900237600300972097260053823005000005079348080040700070020691
201706530504093010360051090080540071037008250102079008803007060005064923029005400
038146020010500603652893714003065498007904302000000160486001500001408070070039800
987100425431050009600070813200041300060080041140039057000506000090310604816497002
670418009904520000520007403000680002200701300048209075050372010730094856010806037
538000740294006000100854090301560000006140030080020001453071800810493675670285300
170600008263480051058302470820570603005030100007069082006000030010743860030806715
709000058356097002284500697128700000003280000040009806600042103802650749491370000
807021600020746501164890300400670000002538000500200030645082013970150046230067008
008400031002900687030827940007638104806174059000000870200001590070080460405306712
005000480891600052302581600006800004420910067008060235080153740007008500034796028
806210930530090001791083045984037520070942010003500700000306850069800470050079003
857000040643702951120004800305000728000000060064208135072069004480305290931020500
063950847900860000857010692080504000500700384734198000015000763608000210009670058
080562140040003607206400850060130574730000201058024390009010065600045010410290708
814960372037800690020701085005003906700010200341620807450087069002004500190350000
029070630063801052400063700386945007270300804004720560500000108002180945100400076
900370826000009054032405001061298705090746100420103698573060400000907083080504000
009068500016004093032005000065792084900801307070006250457029008283040010000583742
